function y = fun(x)

y=0.072*x(1)+0.063*x(2)+0.057*x(3)+0.05*x(4);
